ArrowSign = 0 756 86 87
Bones (1) = 0 240 128 128
Bones (2) = 0 369 128 128
Bones (3) = 129 240 128 128
Bones (4) = 287 166 128 128
Bush (1) = 287 0 182 90
Bush (2) = 258 475 100 64
Crate = 129 498 106 106
DeadBush = 287 91 132 74
Sign = 129 605 91 93
Skeleton = 258 424 102 50
Tile (1) = 129 369 128 128
Tile (10) = 258 295 128 128
Tile (11) = 470 0 128 128
Tile (12) = 416 166 128 128
Tile (13) = 599 0 128 128
Tile (14) = 387 295 128 128
Tile (15) = 545 129 128 128
Tile (16) = 728 0 128 128
Tile (2) = 545 258 128 128
Tile (3) = 674 129 128 128
Tile (4) = 857 0 128 128
Tile (5) = 674 258 128 128
Tile (6) = 803 129 128 128
Tile (7) = 803 258 128 128
Tile (8) = 0 498 128 128
Tile (9) = 0 627 128 128
TombStone (1) = 361 424 54 55
TombStone (2) = 236 540 53 76
Tree = 0 0 286 239
